Cities,Adilabad,Adoni,Alwal,Anakapalle,Anantapur,Bapatla,Belampalli,Bhimavaram,Bhongir,Bobbili,Bodhan,Chilakalurupet,Chirala,Chittur,Cuddapah,Dharmavaram,Dhone,Eluru,Gaddiannaram,Gadwal,Gajuwaka,Gudivada,Gudur,Guntakal,Guntur,Hindupur,Hyderabad,Jagtial,Kadiri,Kagaznagar,Kakinada,Kallur,Kamareddi,Kapra,Karimnagar,Karnul,Khammam,Kondukur,Koratla,Kottagudem,Kukatpalle,Machilipatnam,Mahbubnagar,Malkajgiri,Mancheral,Mandamarri,Mangalagiri,Markapur,Miryalaguda,Nalgonda,Nandyal,Narasapur,Narasaraopet,Nellur,Nirmal,Nizamabad,Nuzvid,Ongole,Palakollu,Palwancha,Patancheru,Piduguralla,Ponnur,Proddatur,Qutubullapur,Rajamahendri,Rajampet,Rajendranagar,Ramagundam,Rayachoti,Rayadrug,Samalkot,Sangareddi,Sattenapalle,Serilungampalle,Siddipet,Sirsilla,Srikakulam,Srikalahasti,Suriapet,Tadepalle,Tadepallegudem,Tadpatri,Tanuku,Tenali,Tirupati,Tuni,Vijayawada,Vinukonda,Visakhapatnam,Vizianagaram,Vuyyuru,Wanparti,Warangal
Adilabad,0,469.5493747,242.4833279,520.3717539,562.8511702,466.9446673,122.0798991,470.9106267,243.072689,523.3825744,132.4209062,433.9608233,468.5972807,721.1095072,579.1601214,591.5256429,478.8241323,427.4291855,258.055368,391.4368278,540.0086878,445.060219,630.6855347,515.4401399,425.8162581,660.2243189,253.6588201,105.7044259,619.6889954,106.5389442,494.9301313,451.0519807,152.4524034,256.9950128,150.6527116,431.4963517,319.7842309,517.2319558,97.71623141,324.1346465,243.9216018,476.3914216,332.1375585,237.0039361,131.3315465,126.3778154,419.4574501,446.4836935,331.2909734,301.4361304,466.083137,491.3301076,414.6363822,600.7237184,65.08845928,120.0528454,405.0998703,492.0656813,489.2832028,323.8300611,240.7094182,384.2751522,455.4056973,550.5917721,250.3470715,453.8304207,615.5392835,266.2491467,137.5328754,626.6612275,581.3103425,483.0565961,232.8998357,404.4073158,245.6123249,177.6516568,145.3860436,585.243903,670.1592829,304.0097385,417.8281131,448.2511238,533.5413748,466.5292263,443.5130328,679.4353825,496.8925558,415.7165073,423.9101398,547.3084297,541.0270882,442.4277285,371.3705697,216.1488906
Adoni,469.5493747,0,247.602841,651.1140878,108.6654016,342.8814657,447.8730009,465.5799167,270.7135616,725.2386841,343.0050448,312.5393652,329.5050667,332.098402,208.2514219,142.294471,68.41389562,426.7191014,233.4873672,86.87525996,672.4669818,407.7452961,320.6581182,50.97535691,346.2767243,201.366254,234.8082713,392.8203727,192.7653417,474.0678763,549.7871483,52.90213904,320.1248506,232.0231492,370.2495159,83.32268146,355.2535212,285.6584775,386.3892556,417.5509619,239.4061982,417.5644325,144.3423381,255.1605392,428.7120279,438.2783811,362.0222767,214.4688862,280.7485367,264.4967327,129.5232178,481.2049898,302.8911369,317.8785104,404.4620482,350.2629716,402.1846931,297.1572011,487.8903859,423.4652826,236.2210391,295.5794185,354.3542192,169.1376421,237.0351178,505.6154904,259.3833837,219.3422447,421.2643253,236.357181,112.4187517,546.6225677,238.2371796,321.6543478,234.2537325,321.9636746,348.4319439,764.2469596,333.2405687,301.5455492,367.2504581,471.7620434,111.276216,487.2469891,366.7652938,319.4237183,593.6982595,371.4755427,268.3999054,682.5699234,707.764061,390.473758,117.9389135,360.6062215
Alwal,242.4833279,247.602841,0,473.3375623,327.5692328,271.2030643,200.4372881,335.0918983,36.13435711,524.5014294,146.6896558,232.3876719,266.9939703,479.8356306,337.1520764,353.8966045,241.8314623,286.6491616,15.71615354,161.7383777,495.6151739,287.0375855,397.7343755,286.6781664,241.6703148,423.6986524,12.81620251,149.7935404,378.1492623,227.4340144,397.6361376,217.4131874,93.39897498,15.79965283,122.7283423,193.5395191,173.1554799,292.7288428,148.0506676,222.8337413,13.83579304,312.791245,103.3910516,7.684777162,181.1289178,190.7536227,245.1155025,212.0869225,129.9616473,90.79080907,223.6635128,355.8733998,212.4459684,371.538808,181.3057956,139.2518203,258.2570498,274.6250326,358.3980211,227.2236247,28.83345213,183.8495045,267.524222,308.1084907,10.76037952,349.3169663,375.3838287,28.26836094,173.6646692,384.4004769,358.942818,389.6808824,50.87815662,213.1115298,22.38918998,74.92003761,104.1038879,574.2435615,434.152331,121.105584,246.7572884,325.6107128,293.8011733,345.0690085,264.7295802,440.4332252,425.8821248,247.5837285,206.4369361,505.2630302,519.2525249,276.0648427,135.2734332,123.9156196
Anakapalle,520.3717539,651.1140878,473.3375623,0,666.6576234,334.3172145,400.607565,201.2353956,437.2039296,105.4069686,551.7101353,350.1841767,349.2671539,649.544147,572.6626793,672.2411155,601.399748,227.962598,476.5847171,576.5480649,22.28091894,254.0771683,518.8853848,662.2797163,312.5802548,730.2924522,480.442849,449.3363545,652.3945771,414.1287199,114.4786121,599.9419812,496.8406448,480.7178429,417.8572332,568.2834717,306.3142041,429.0790478,469.23133,250.5960252,487.1695709,258.8487466,543.7034227,467.7592296,397.5929002,398.971025,294.3505442,452.2830948,375.534062,403.1458476,540.3658527,195.2676721,353.7989833,482.9359761,515.8656247,529.3602667,249.8252551,397.7514132,185.9954879,246.1146552,501.7646048,356.0055338,316.0864779,578.1286755,481.2493127,148.5117698,565.8271324,491.0703675,394.8029107,608.7622517,734.2979464,111.7474485,521.4886883,332.4395814,495.7073884,442.7789923,450.0986546,116.9121785,562.0123718,363.7015072,288.4827126,184.6051841,616.8215698,174.0755353,297.5145311,593.0354083,60.89747461,283.5727457,391.0721311,32.09739692,63.87498357,271.7316944,544.4598593,363.8337032
Anantapur,562.8511702,108.6654016,327.5692328,666.6576234,0,337.0123778,525.4142932,469.5163786,342.6163701,751.3611975,441.5520727,316.5397527,322.1528115,231.6587119,133.5846634,33.71748607,85.92970663,438.7682691,312.1254166,171.6641192,686.7109988,413.4501288,249.976639,58.39119047,354.0785333,97.49376229,315.0256377,477.2110931,89.06554267,553.8457457,557.4502154,111.7997183,410.7247903,311.8483935,448.2452726,134.2647185,394.1740501,255.9262017,473.7983087,455.3869698,322.4642318,415.1081784,230.7185709,334.5249779,505.3496717,515.3784541,372.4468148,214.5376188,321.1948585,317.5261768,129.8326884,481.4443915,313.5530804,258.6583384,498.240087,446.0153342,418.7089484,278.7578564,489.4460726,461.5281237,323.0564461,316.9278819,353.0793544,103.3321859,317.8883209,518.1641386,179.7501923,300.5136715,497.1925114,144.3908432,77.46406938,556.7731384,330.0796518,335.8215182,319.1698175,402.0528357,431.6093746,782.935885,250.366999,348.4248684,378.3962759,482.2486871,49.89542018,494.6317624,370.0497644,229.5437698,606.6171647,383.4412931,276.0616221,696.6924135,727.2137283,395.658091,192.744143,425.0215707
Bapatla,466.9446673,342.8814657,271.2030643,334.3172145,337.0123778,0,365.4693686,133.7263933,246.4906503,427.1133162,411.351626,39.3090304,15.01501139,333.5765594,238.8469464,339.4936469,282.6859942,113.0703775,263.0558804,287.5874811,353.2021827,81.73682717,207.1317248,341.9732498,44.6072819,396.0233997,269.1350735,361.6003686,318.1545148,395.6843497,222.028171,290.0058856,350.1962407,267.1065889,316.3738775,261.2063601,152.9018404,97.42080994,373.1923596,184.4203212,281.1548777,78.0976909,281.3683773,270.8810297,347.6361478,356.5170929,59.73066421,128.9139494,143.6150248,181.7049673,218.1487829,144.4707084,58.8176447,169.6432512,421.9408446,397.8237815,104.9257985,64.04890052,152.6209797,189.304266,295.6157587,87.90133992,20.23201187,244.2322813,272.0233273,187.26493,237.7529982,269.6585945,339.199303,277.407124,408.9917675,222.7657556,318.405085,62.6934533,287.1837208,299.8903432,328.3718348,451.22797,253.0681219,165.0397286,64.90384193,151.0043907,287.2634014,160.2751222,41.44199572,278.0479551,273.4839736,69.96909314,78.54977504,362.9874854,396.8973126,65.31762391,261.4822786,252.0428317
Belampalli,122.0798991,447.8730009,200.4372881,400.607565,525.4142932,365.4693686,0,352.999425,183.0069072,412.1207145,175.2076377,336.8157991,369.5988665,650.9159408,514.5509106,549.8074826,439.5053176,311.6797515,215.0774962,362.1701203,420.7796554,332.4283668,547.4102388,486.8421547,322.0196123,619.9597015,213.2534739,67.52989115,567.4576602,31.1620625,373.0502587,416.9332305,145.6101173,216.153562,77.72577226,391.2421241,213.0672706,429.4480241,85.29490896,206.357003,208.5823643,363.9972109,303.5315537,192.9810781,20.45870809,10.2292373,312.6854609,371.0651893,243.7403328,223.7851776,411.3196348,372.9262856,319.0380765,514.31001,120.0141452,152.2825965,291.5960929,400.4183003,370.2695087,205.3251564,213.448958,290.2397209,351.3950502,491.8997569,210.904024,332.6413555,543.8712411,228.6322564,29.22437806,562.8145485,559.3796076,361.1059355,217.8494183,304.7665927,214.2336619,125.9439904,102.5678294,472.2943786,589.9434047,212.8930313,310.1195816,328.9632497,488.0442867,346.7409971,336.8992076,604.038293,375.1058527,307.2366256,335.9349362,428.4615267,425.2562924,332.092116,334.8989391,117.1763517
Bhimavaram,470.9106267,465.5799167,335.0918983,201.2353956,469.5163786,133.7263933,352.999425,0,301.7674275,297.5764007,452.5527656,154.5690618,148.7389552,453.2150383,371.4630647,473.0453558,410.0180389,48.59144282,332.6751616,399.6096812,219.6629045,57.83463411,322.6714461,470.4343849,119.31424,529.6087647,337.9576813,373.7880257,451.3429464,378.6169141,88.30721592,413.0009029,390.6733964,337.0646068,330.8683771,382.3394158,166.2292029,227.8595048,390.3985898,146.8924291,347.9120244,57.75577077,378.9048417,331.8324469,340.1884298,346.5014297,104.1734511,257.1200926,211.8152065,248.2740998,346.7294862,21.27044225,162.6890007,285.7243068,441.6604107,433.9744549,76.84291436,196.6566173,23.6947492,147.6755727,363.414572,173.9987743,116.5041698,377.9586264,339.8997411,59.1573415,365.4456926,344.1250435,333.4925462,407.7568577,539.8921889,89.48857291,385.9576396,144.9582899,355.7199086,334.1898733,354.4182018,318.0303203,367.2832812,213.9985381,99.48127777,30.05094916,419.6389087,28.02866059,100.0327116,396.6253047,140.3414835,96.02495258,198.0007044,229.388441,264.4152343,75.24888715,369.6209567,263.1783355
Bhongir,243.072689,270.7135616,36.13435711,437.2039296,342.6163701,246.4906503,183.0069072,301.7674275,0,488.9888762,165.09826,208.616517,243.8214544,478.8696083,338.2214904,366.8036813,256.7816864,253.1993619,42.1440203,183.8542955,459.4813626,255.5212023,388.6615127,306.1274081,213.7109799,436.9540793,44.4913836,142.4094859,385.9482484,212.1075062,362.3289972,235.4358826,105.1872563,45.60694131,106.771356,208.6575085,138.1131388,278.4405559,145.5840576,186.7151308,49.9685931,282.4181797,129.1470363,30.93826048,162.8211208,172.9062967,215.337477,203.6140315,102.9693491,65.16623579,229.7903516,322.7254023,188.4509971,360.1072865,186.5588326,153.128044,224.9747802,257.0006079,324.8751202,191.0906079,64.71050803,158.5963371,240.8598112,312.3276481,44.63652983,314.0457061,372.8008405,57.95880231,154.5943873,386.2181635,380.1466642,354.1817999,85.70806439,186.140632,58.51435024,65.76216098,98.16207571,538.3311197,427.3434098,88.69711032,216.455653,291.1591629,305.1421597,310.7142604,236.137089,436.3928649,389.9117408,216.8270323,187.9300072,469.1286828,483.2537762,245.5523981,154.2385576,92.02410026
Bobbili,523.3825744,725.2386841,524.5014294,105.4069686,751.3611975,427.1133162,412.1207145,297.5764007,488.9888762,0,578.7693852,437.744367,441.7538239,750.0550723,665.7862091,759.767973,680.9315929,315.7875325,530.4927218,645.8901962,98.23674163,345.4359986,619.313642,741.5263091,399.8074593,820.6495582,533.4283352,470.6217327,744.3235753,418.0756981,215.3963551,675.8899512,530.4007829,534.2942155,447.4058011,643.9973768,371.0724448,523.8289752,490.7035544,309.7702165,538.1613775,355.112333,606.4222009,518.0375461,414.3706502,413.1196207,380.7474309,537.3056299,444.7886258,466.493315,622.6841502,294.9257557,438.2450086,582.7591895,531.9516978,555.5970473,333.1031824,491.1523417,285.4960727,304.1961929,551.5941773,435.295612,407.8460637,667.9307062,533.6092948,240.2550257,662.7233769,545.8856584,413.8229948,704.1626153,815.4162221,209.9725978,568.951146,415.6590847,546.6718558,480.9926107,481.3980071,63.47989444,663.2094065,427.25718,374.6338342,276.2549213,701.957409,269.5975914,387.9356509,693.4497777,161.0658662,369.356449,475.7181282,93.72553514,50.15353556,362.4296135,613.2053627,405.0723826
Bodhan,132.4209062,343.0050448,146.6896558,551.7101353,441.5520727,411.351626,175.2076377,452.5527656,165.09826,578.7693852,0,373.6907101,408.915747,618.9862857,475.3889291,471.9625146,360.3846597,404.6040091,159.6612472,270.4217471,573.2644663,412.8419287,543.4684501,390.8644724,376.9248509,538.9343018,153.8471694,109.6111363,505.8660184,184.4873981,498.9100593,330.5593027,62.35636103,156.89516,133.8632647,315.1833714,286.8554776,439.3672476,90.25177205,316.3928102,141.692493,441.7560996,213.823972,144.4917485,167.1439245,170.9185713,376.4857756,358.2412003,267.7387863,230.2515859,358.3216,473.8229763,353.5217048,518.0184402,71.16490419,23.28936226,377.8057094,420.4259519,474.3423982,318.5925112,132.2803446,323.5307158,404.8699536,442.9203202,150.3695021,452.379664,516.9560109,161.6554267,166.1137078,521.1032788,453.4193121,488.7619216,116.5006715,350.2732928,139.6104424,118.3650104,102.2554732,636.3054785,578.6294374,249.2468112,376.7957732,436.5451319,417.3074912,456.1726822,398.5359393,582.8597106,515.0210438,376.382419,351.6889005,581.9602076,585.6956085,405.1042482,255.5122522,193.5035257
Chilakalurupet,433.9608233,312.5393652,232.3876719,350.1841767,316.5397527,39.3090304,336.8157991,154.5690618,208.616517,437.744367,373.6907101,0,35.34365408,340.0389637,231.1873829,322.5384008,255.5187073,122.5982164,223.9614072,252.5369593,370.1713101,97.33803878,219.6026553,315.8703394,37.94777795,382.9799265,230.0555396,328.3004143,307.6087211,367.5134933,241.5416123,259.7082783,312.9731718,227.9841844,283.3560761,229.7515599,127.9187458,101.4782361,338.929144,170.2460098,242.1316612,105.1835326,243.2389641,232.2739603,318.2582819,327.5083833,57.04699366,102.733708,106.2791549,143.5520439,192.1844755,168.9748599,20.17010928,183.4364173,386.8452141,360.7698886,105.5429711,67.76835128,176.0487271,175.7875529,256.500673,50.56750329,42.88017762,230.2673868,232.9781119,201.6724295,238.5494213,230.3907334,309.6239534,273.7219363,385.6319927,240.3594963,279.2470865,33.43722663,248.0611732,263.9582938,293.2745028,466.66268,264.9307156,130.2016758,63.19251616,165.7089496,266.6748134,178.5298819,54.61357981,286.3229734,290.0778792,68.55556314,44.17260475,380.1535947,411.2173623,79.57286519,225.2103102,221.2195161
Chirala,468.5972807,329.5050667,266.9939703,349.2671539,322.1528115,15.01501139,369.5988665,148.7389552,243.8214544,441.7538239,408.915747,35.34365408,0,320.9947186,224.0907085,324.4920232,268.668859,127.1428064,258.1327921,276.028318,368.1906048,96.31798223,195.8013625,327.7177199,53.15563196,381.0489975,264.2533179,363.0059311,303.2643013,400.0795783,237.0419269,276.6799298,348.285834,262.0863414,317.9471063,248.2617059,158.2771188,83.54236621,373.9181586,193.7937814,276.4290985,93.00130213,272.1103627,267.0853854,351.3747194,360.4564384,70.4087187,115.1793054,141.6178666,178.7021231,204.0216909,159.3987517,55.47711592,158.553899,422.0315735,396.0960961,117.392349,49.62321773,167.5910715,198.8955051,290.5945078,85.90021304,34.04209356,229.2198598,267.2424628,202.0595704,223.9698189,263.9588305,342.8260835,263.0672076,394.3453648,237.7453748,313.2106396,64.88350381,282.1439995,299.2535431,328.4429263,466.1792142,241.6857674,165.205759,76.03255531,165.7674571,272.4335629,175.2457191,54.84526359,265.8000208,288.4464413,81.3356499,68.28921251,377.9816743,411.7895681,79.56318634,250.6793738,254.8951886
Chittur,721.1095072,332.098402,479.8356306,649.544147,231.6587119,333.5765594,650.9159408,453.2150383,478.8696083,750.0550723,618.9862857,340.0389637,320.9947186,0,143.6061585,200.885221,277.7882988,445.1844172,464.6750559,362.8287506,665.0751993,412.3133861,130.7523614,286.9225291,372.6876192,187.8738035,469.6719177,620.9944858,142.627196,681.9331647,535.4631802,309.8358314,572.9203019,466.3695931,581.7408779,312.3312883,462.1964318,238.9871895,624.2091967,510.1905635,480.679759,396.5973729,409.5998417,484.7190313,630.6704208,640.7914458,391.0438866,279.8589876,409.1146185,427.467737,261.1797446,455.1958393,350.7999677,167.4979738,661.1235933,616.6509403,438.3333198,273.4818293,464.612523,515.7890902,487.5902967,372.6675195,353.7972513,178.1392941,473.126686,511.9070754,107.0482422,459.0688415,621.7883977,99.771989,291.6161068,540.1317899,502.5608342,372.2835795,480.9792156,544.6256591,577.005139,763.5947486,88.42642781,440.6811302,396.8445349,477.3928526,222.3077112,481.2286838,375.0101979,56.60924974,589.8970426,402.2153463,322.457792,673.9586817,713.412678,397.7055236,367.4612761,535.2646426
Cuddapah,579.1601214,208.2514219,337.1520764,572.6626793,133.5846634,238.8469464,514.5509106,371.4630647,338.2214904,665.7862091,475.3889291,231.1873829,224.0907085,143.6061585,0,118.6699693,144.6379794,350.404332,321.8398681,222.7647844,591.0355549,320.3791832,116.9203925,173.308777,268.2988207,160.6333366,326.7026673,480.6309757,80.69508488,545.255469,459.2773048,174.896124,429.9322993,323.3857962,442.8990724,171.9314452,339.8231308,144.0888259,482.8326851,394.5022053,337.522042,314.0700599,266.6389268,342.2844466,494.136211,504.343158,287.6131312,147.9143265,278.0176304,290.9867576,117.8047402,379.4566542,236.0644812,126.030215,518.4239605,473.2537234,336.4374738,174.9912435,388.2978547,400.4784773,344.127424,251.2741635,257.9429602,39.45160213,330.1359877,426.1117111,51.17302832,315.768237,485.3265753,48.2641873,210.2555311,460.9268896,358.9551584,259.1932638,337.612815,403.7769924,436.0209463,689.4927554,125.0208943,309.3735762,293.7702162,389.8443591,99.41082943,398.6465679,277.9707548,114.5861903,511.7664978,299.2273145,201.6663463,600.6854848,635.5601329,303.370752,224.6981279,401.1556577
Dharmavaram,591.5256429,142.294471,353.8966045,672.2411155,33.71748607,339.4936469,549.8074826,473.0453558,366.8036813,759.767973,471.9625146,322.5384008,324.4920232,200.885221,118.6699693,0,112.7205217,445.1297178,338.2987549,201.5573412,691.7935976,418.2123938,231.5488694,92.10306198,360.4410783,70.15852331,341.5424601,503.6871112,58.87788182,578.7467278,561.3212482,141.4088168,439.1378681,338.3065332,473.1508345,160.5537236,408.9532444,252.7443715,501.1031895,469.1531633,349.5828213,417.3239773,259.66937,360.6377341,529.5854035,539.6945065,379.2733534,222.8523628,337.5578113,337.2815281,144.9532431,483.7027728,321.6307123,244.5548079,527.2016313,475.6590979,426.6706427,278.6719641,492.0312245,475.2984909,351.0681655,328.0564365,356.6760132,96.77726147,344.5264439,523.8522447,159.6116772,327.4141318,521.2737357,119.4410293,95.64501946,561.4119443,359.2314814,344.4492496,346.7600874,427.7986716,457.9814781,788.9547371,226.8905996,366.0497121,385.3407864,487.6500306,62.80390827,498.9619324,374.745462,203.4108682,611.7511009,390.5507467,284.2522502,701.6882898,733.6945181,400.5199777,220.3067421,446.4596946
Dhone,478.8241323,68.41389562,241.8314623,601.399748,85.92970663,282.6859942,439.5053176,410.0180389,256.7816864,680.9315929,360.3846597,255.5187073,268.668859,277.7882988,144.6379794,112.7205217,0,374.2808866,226.3340188,90.50199092,622.2271429,352.4607555,253.7435507,60.88133765,291.2376205,182.0193235,229.3500405,391.5717892,147.7013517,467.9166914,496.2068047,32.26237458,326.42197,226.1491115,362.3156129,48.35206367,316.4412019,218.9052989,388.5761576,378.5462688,237.0846528,359.2523857,147.2118466,248.7259463,419.4601209,429.4781935,308.2780877,153.9152311,242.1023689,234.5050655,64.79414939,424.3174826,248.4860011,249.6693135,414.5656996,363.362921,351.5905269,232.8043519,431.5407846,384.6370195,238.3525049,246.109889,295.8766059,105.2065159,232.2634103,453.9171911,195.6202191,215.0032493,411.3262493,178.8274112,134.8413108,494.0833862,246.7412204,269.0907329,234.1073862,316.1906789,345.9211294,716.3302864,269.2023439,267.4643459,313.8766389,418.9559408,58.17165412,433.2192154,310.1317834,258.415666,542.5813902,318.5071541,212.1128499,632.3062224,660.0660231,334.8257304,107.6053796,340.2696553
Eluru,427.4291855,426.7191014,286.6491616,227.962598,438.7682691,113.0703775,311.6797515,48.59144282,253.1993619,315.7875325,404.6040091,122.5982164,127.1428064,445.1844172,350.404332,445.1297178,374.2808866,0,284.4851792,357.2318572,248.323549,33.27886333,316.6289637,435.1009385,84.76289647,504.9756466,289.7059437,328.3708929,428.5657015,338.5884923,123.2258575,374.6827148,342.5906701,288.8746333,284.7803983,343.4294312,117.9165296,210.4830398,344.4394386,105.9495273,299.5371234,59.03860969,333.4168599,283.3164322,297.699049,304.5971796,66.39102889,224.327013,164.8334566,200.4968163,312.5766564,69.69751617,125.9971506,279.0091334,395.6870983,386.3215291,28.48555088,176.7622124,71.74886377,108.0247431,315.039387,131.7121271,93.12109991,352.293074,291.5965313,79.70271761,350.8129501,296.1792641,290.5895895,390.181768,506.5205466,119.9969223,337.5244871,105.3479219,307.3961174,286.2537455,307.2515147,344.1865516,362.3399314,165.6020328,60.56366138,45.0591485,388.9662803,61.87098433,72.51042303,389.1337175,168.4132865,55.78714675,163.1437735,258.3655623,288.6351887,47.79232332,326.4643169,216.722751
Gaddiannaram,258.055368,233.4873672,15.71615354,476.5847171,312.1254166,263.0558804,215.0774962,332.6751616,42.1440203,530.4927218,159.6612472,223.9614072,258.1327921,464.6750559,321.8398681,338.2987549,226.3340188,284.4851792,0,147.227216,498.8633121,283.0753288,383.9848519,271.7949763,235.4172553,408.1382609,6.150152737,165.3939774,362.439015,242.4337436,397.8441807,202.2379062,108.2870696,4.389671908,137.3594221,178.0163313,173.5291783,280.4980855,163.7664581,226.0388627,18.58401586,307.870416,89.74032958,22.40090473,195.5741665,205.3030493,240.0136181,198.5885488,124.2146703,85.4126341,208.043559,353.231052,204.2421564,358.3756874,196.5864509,153.3967773,256.0075401,263.522653,356.1500332,230.7100376,32.57777394,176.4822637,260.4111846,292.5520349,9.422788975,349.5213028,360.4870921,15.84832287,187.946898,368.9932516,344.4520996,390.2966571,55.50392149,206.4437389,24.18181844,90.04785079,119.6829717,579.1619897,419.9081662,119.1578345,242.0165067,324.5568529,278.1183933,343.8476172,258.7637598,425.7087875,427.8429127,243.1739507,195.9640111,508.5984945,523.8372747,271.3607536,120.084439,133.586621
Gadwal,391.4368278,86.87525996,161.7383777,576.5480649,171.6641192,287.5874811,362.1701203,399.6096812,183.8542955,645.8901962,270.4217471,252.5369593,276.028318,362.8287506,222.7647844,201.5573412,90.50199092,357.2318572,147.227216,0,598.3042454,342.3616625,318.5475214,125.5393319,282.025257,269.1554357,148.9227987,309.154039,237.8551299,388.9918668,480.1910635,60.14973158,239.696668,146.018684,284.4506765,50.83409397,274.8191869,252.2985251,304.1598329,336.5090279,154.4606059,356.7621459,59.8878229,169.1932,342.7743701,352.4577085,295.524208,167.7456035,201.6986126,180.9170767,109.8564164,416.986884,239.2206941,305.670114,326.6946944,274.3656074,330.9705,254.0559803,422.761385,342.2654726,153.0072968,225.8480387,295.413588,185.2032549,151.3400095,434.2275406,271.3200835,133.6028413,335.1740273,263.0582414,197.2329171,475.8005573,158.5463021,254.7680509,150.0478158,236.5203678,264.120932,687.5556786,342.2659395,219.2522906,300.129426,402.0683063,148.378934,418.8916125,304.3634197,337.0012079,520.9119318,303.7268985,209.3080906,608.3799933,631.0984733,325.9839178,32.76230094,273.8585992
Gajuwaka,540.0086878,672.4669818,495.6151739,22.28091894,686.7109988,353.2021827,420.7796554,219.6629045,459.4813626,98.23674163,573.2644663,370.1713101,368.1906048,665.0751993,591.0355549,691.7935976,622.2271429,248.323549,498.8633121,598.3042454,0,273.6023284,534.5979458,683.0973893,332.7274407,749.2134632,502.7235269,470.4010675,671.0008549,433.61387,131.8435944,621.1583887,518.6770745,502.9973082,439.4012552,589.5456745,328.4861714,447.1923709,490.340567,272.8769341,509.4474268,276.975506,565.798124,490.0312828,418.2090582,419.3706514,314.6953521,472.5103139,397.452558,425.2887385,560.8880738,212.3850765,374.294777,499.0082088,536.647746,550.8471865,270.784072,416.317379,203.2615506,268.3929731,524.0374339,377.1591461,335.2858385,597.3022682,503.5301735,168.6608507,583.024856,513.3428839,415.5909621,626.4254634,754.8349406,130.4676406,543.7421013,353.1611099,517.985677,464.7635494,471.7801126,98.90270165,577.2428584,385.863395,308.8866905,204.4626519,636.8440759,192.9838616,317.0812691,608.6702486,80.10094497,304.0518188,411.4611352,10.1029748,50.86084563,291.3318227,566.2713573,385.8543018
Gudivada,445.060219,407.7452961,287.0375855,254.0771683,413.4501288,81.73682717,332.4283668,57.83463411,255.5212023,345.4359986,412.8419287,97.33803878,96.31798223,412.3133861,320.3791832,418.2123938,352.4607555,33.27886333,283.0753288,342.3616625,273.6023284,0,283.49122,412.9832343,61.48651763,476.5411279,288.6377734,343.494669,399.2898617,360.4563817,144.2138517,355.1716776,350.4969089,287.4401706,298.9221963,324.5078017,127.6923006,178.9396647,358.4468491,130.3296986,299.2715944,31.56914127,323.6520884,284.5336604,317.2400953,324.7613148,46.94023916,200.0697308,159.714734,197.7416241,289.4591993,74.68399073,104.8545406,245.8870079,409.4172252,395.7760105,41.05893322,145.7814175,80.48862184,133.4397662,314.6965913,117.4227001,62.46031695,324.1496609,290.8533602,106.0351896,318.9506231,293.4655475,309.6816646,359.1138408,482.9682077,143.3584581,337.5643808,87.60155498,306.711372,295.181319,318.6545779,370.8981689,329.1605879,166.8248785,42.89988617,69.6987521,363.5560501,81.23302206,43.47989844,356.1698628,193.5404322,40.45509499,140.3573902,283.5202014,316.0497521,17.79861766,312.7298642,230.7670712
Gudur,630.6855347,320.6581182,397.7343755,518.8853848,249.976639,207.1317248,547.4102388,322.6714461,388.6615127,619.313642,543.4684501,219.6026553,195.8013625,130.7523614,116.9203925,231.5488694,253.7435507,316.6289637,383.9848519,318.5475214,534.5979458,283.49122,0,289.4227115,248.7350832,257.1894765,389.6986759,526.6387378,181.2387095,578.5538131,404.7377241,280.7783227,490.3498342,386.6094963,484.2538141,269.6961206,346.4061364,119.253993,532.9926969,388.8292122,401.782288,266.3870632,350.3588425,401.1283825,527.7572382,537.5760381,266.1706506,185.7616146,303.9256537,329.5872298,208.8068443,324.4435732,233.4593903,37.63833485,575.1499563,536.9633726,311.9250731,151.8485037,333.8606753,394.1219768,411.7731741,259.2454197,227.1246457,153.198675,393.1896736,381.5036091,72.33507044,382.202791,518.887709,118.11257,325.7308264,409.3812474,430.4276444,252.9117817,404.1012456,453.2387908,485.3434858,633.2328655,45.93671154,334.5201911,271.6858756,347.3064559,215.3963051,350.6638159,248.1956869,74.16979216,459.1610521,276.8985816,211.5575483,543.5525693,582.7592171,269.6649468,311.5191811,430.2450523
Guntakal,515.4401399,50.97535691,286.6781664,662.2797163,58.39119047,341.9732498,486.8421547,470.4343849,306.1274081,741.5263091,390.8644724,315.8703394,327.7177199,286.9225291,173.308777,92.10306198,60.88133765,435.1009385,271.7949763,125.5393319,683.0973893,412.9832343,289.4227115,0,351.8679688,150.6267283,273.8915207,434.6876859,145.3565209,514.1106767,556.8693579,71.1145349,364.5208825,270.8910249,409.1425658,101.1498074,375.7130149,272.6748634,429.5774213,437.9961005,279.8921468,419.0492178,185.3751257,294.0108051,467.2117408,477.0186948,369.0366607,213.708536,301.0778162,290.7066867,123.9611788,484.4279886,309.241339,291.8515788,450.4471275,396.9754581,412.4718446,289.6685141,491.7729939,444.0570182,278.4778523,306.9261172,355.7542045,136.3262969,276.4446064,514.754536,223.3425365,258.7388724,459.4165632,194.5720419,75.74923816,554.852777,282.8454905,329.9494101,275.5851719,361.5901123,389.5955341,777.1931183,296.5058958,325.2476706,374.6624927,479.7310676,74.03726933,493.8589378,370.458642,279.3227436,603.4297777,379.3195867,272.6995026,693.1751871,720.9167635,395.3072775,152.0989949,393.1530635
Guntur,425.8162581,346.2767243,241.6703148,312.5802548,354.0785333,44.6072819,322.0196123,119.31424,213.7109799,399.8074593,376.9248509,37.94777795,53.15563196,372.6876192,268.2988207,360.4410783,291.2376205,84.76289647,235.4172553,282.025257,332.7274407,61.48651763,248.7350832,351.8679688,0,420.8847047,241.3089446,320.982181,345.2731048,352.0188876,205.0045472,293.6868737,315.0123312,239.6643543,275.6691247,263.0616521,109.0215998,133.8578379,333.4759406,140.6564563,252.7842852,75.93261267,266.6457319,240.3618578,304.5188603,313.2239781,19.31542912,139.7916631,111.71749,150.8833728,228.6462393,135.3597246,43.41294967,211.6053743,383.0360236,362.0811101,68.14741705,99.28621828,141.709906,145.7407411,267.8352211,60.64504987,29.61315087,268.164742,243.9026887,164.1039241,273.3192587,243.9884605,296.190045,309.9988124,422.4537853,203.2939627,290.8438648,29.49999976,259.5437825,262.6445175,289.8008651,428.9309413,294.5627095,127.9030386,25.47635246,128.3574539,304.2519285,141.9914023,23.73562951,317.9751355,252.6730028,30.92850594,79.1789165,342.7355029,373.3952313,44.26818202,253.0536509,210.0198807
Hindupur,660.2243189,201.366254,423.6986524,730.2924522,97.49376229,396.0233997,619.9597015,529.6087647,436.9540793,820.6495582,538.9343018,382.9799265,381.0489975,187.8738035,160.6333366,70.15852331,182.0193235,504.9756466,408.1382609,269.1554357,749.2134632,476.5411279,257.1894765,150.6267283,420.8847047,0,411.2808524,573.4859,80.17277295,648.8674595,617.8055045,209.2254413,507.9992009,408.0621671,543.2618054,230.1852399,475.968909,303.9077638,570.5893739,535.3327562,419.1039747,472.7498506,328.0934069,430.5024667,599.7417004,609.8489894,440.0233191,286.5930772,405.6826699,406.7973726,213.7080516,538.6783456,384.0172485,278.5974074,595.6718377,543.5090299,488.2097073,333.1305566,547.351237,541.4650043,420.1524156,392.9010984,414.2643623,152.7220134,414.2259957,582.5726028,186.4984659,397.0114152,591.4320776,139.2679533,116.99767,618.7890507,427.5248433,407.1338136,416.0666305,497.7704812,527.802032,847.2023122,239.9330462,434.7059633,446.1614852,546.2387575,132.551977,556.2945944,433.3531535,209.7217894,669.4919842,451.4952101,347.1019946,758.9787475,792.584709,459.0905614,289.5398679,516.3307149
Hyderabad,253.6588201,234.8082713,12.81620251,480.442849,315.0256377,269.1350735,213.2534739,337.9576813,44.4913836,533.4283352,153.8471694,230.0555396,264.2533179,469.6719177,326.7026673,341.5424601,229.3500405,289.7059437,6.150152737,148.9227987,502.7235269,288.6377734,389.6986759,273.8915207,241.3089446,411.2808524,0,162.2218548,366.4379659,240.2194201,402.5423363,204.7135767,103.2528007,3.336894997,135.5437125,181.0973535,178.1089125,286.5270525,159.9712006,229.8505392,12.46549296,313.5921184,90.6407281,20.36110261,193.9368531,203.5677648,245.7497205,204.3974923,129.9941363,91.08742479,212.4489815,358.5619535,210.3191041,364.2421405,191.8074321,147.9375395,261.2383145,269.6484172,361.402075,234.4363209,26.56221386,182.4832427,266.4023957,297.0778674,3.501607212,354.212303,365.6925482,15.52446647,186.4560616,373.7392165,346.126747,394.8897342,49.54509668,212.3782249,18.23590964,87.69864792,116.5850557,582.4840044,425.4458156,124.233812,247.6978301,329.5446014,281.6690231,348.8770134,264.623706,431.0146323,432.0764703,248.8024462,202.1120874,512.4326099,527.2683045,277.0428449,122.5959343,134.8670089
Jagtial,105.7044259,392.8203727,149.7935404,449.3363545,477.2110931,361.6003686,67.52989115,373.7880257,142.4094859,470.6217327,109.6111363,328.3004143,363.0059311,620.9944858,480.6309757,503.6871112,391.5717892,328.3708929,165.3939774,309.154039,470.4010675,343.494669,526.6387378,434.6876859,320.982181,573.4859,162.2218548,0,526.6632897,84.84251284,407.5904367,366.5036133,79.60713054,165.4287374,45.31343709,343.3111617,216.6202287,412.1577622,20.12829131,229.0090569,154.998715,374.4748946,249.408607,143.0906931,57.53832814,61.89478957,315.4335553,343.729027,225.7606414,197.05202,370.9956236,394.6941724,308.9412869,496.0163123,68.82723154,86.35748125,304.4566411,386.5324484,393.5761615,229.7674825,156.6197498,278.5710369,350.5128327,454.3252417,159.3257281,363.4587587,514.6289693,176.7307056,56.85962338,528.6172072,505.1334207,396.4818255,156.9270809,298.9818201,159.1081967,77.10312917,45.72379623,529.1125785,566.9033144,198.3059768,314.1281746,353.394437,443.3901803,372.4047139,339.3186651,577.5304195,417.3036183,312.3172777,318.6043552,478.7077575,479.7086596,339.6477953,284.5825452,112.7895573
Kadiri,619.6889954,192.7653417,378.1492623,652.3945771,89.06554267,318.1545148,567.4576602,451.3429464,385.9482484,744.3235753,505.8660184,307.6087211,303.2643013,142.627196,80.69508488,58.87788182,147.7013517,428.5657015,362.439015,237.8551299,671.0008549,399.2898617,181.2387095,145.3565209,345.2731048,80.17277295,366.4379659,526.6632897,0,597.3881456,539.3536265,179.5914474,467.6055711,363.1160611,492.6275567,190.715224,408.1757116,224.5620468,526.1792899,465.6212728,375.7979038,394.1545289,292.0603991,384.2820815,547.0240775,557.2408119,364.5456454,215.774246,341.1740777,347.5980942,156.2218234,459.7894948,310.3686934,199.7857868,556.5174377,507.2484175,413.149583,254.6868899,468.5668318,471.701028,379.4762882,322.103785,336.8479307,79.80377973,369.6625527,505.2581588,109.1377174,353.4573381,538.4238453,64.12703177,153.2156515,540.7219778,390.5104854,333.6059539,374.1747112,449.7133612,481.0937709,769.2854058,171.0028512,371.5325397,370.7081847,468.9334098,89.54460466,478.319288,356.4306727,145.5680519,591.5207306,376.1137391,274.3002483,680.6996829,715.0501185,382.0407775,250.4533969,458.5204451
Kagaznagar,106.5389442,474.0678763,227.4340144,414.1287199,553.8457457,395.6843497,31.1620625,378.6169141,212.1075062,418.0756981,184.4873981,367.5134933,400.0795783,681.9331647,545.255469,578.7467278,467.9166914,338.5884923,242.4337436,388.9918668,433.61387,360.4563817,578.5538131,514.1106767,352.0188876,648.8674595,240.2194201,84.84251284,597.3881456,0,393.907267,444.6490444,164.3883049,243.2252195,105.624457,419.5872351,242.9985115,460.5357276,98.62985072,232.7627123,234.7193739,392.0079184,329.8437877,220.134711,51.26277992,41.16844877,342.2199168,402.0993605,274.9023731,254.667032,441.1841189,398.163652,349.8745861,545.401695,121.1730274,162.635548,319.4782413,431.3830406,395.0717176,231.2653439,238.3963926,321.2073044,381.2936205,522.2145703,237.6939459,355.2068096,574.8939853,255.4202034,60.14684902,593.5190873,585.9776029,381.6977664,240.8039303,335.3045842,239.8557817,152.5215391,126.1138153,479.4938528,621.1051211,244.0418019,339.4799009,353.6748778,517.23775,370.9562276,366.3957898,635.166183,392.4700579,336.4447662,367.0625171,440.8448178,434.6383307,360.7834802,362.5062502,148.3104653
Kakinada,494.9301313,549.7871483,397.6361376,114.4786121,557.4502154,222.028171,373.0502587,88.30721592,362.3289972,215.3963551,498.9100593,241.5416123,237.0419269,535.4631802,459.2773048,561.3212482,496.2068047,123.2258575,397.8441807,480.1910635,131.8435944,144.2138517,404.7377241,556.8693579,205.0045472,617.8055045,402.5423363,407.5904367,539.3536265,393.907267,0,497.6020817,439.1929025,402.1825705,368.8542012,466.4719809,224.5154779,315.3707954,426.1589353,182.5859824,411.1432187,145.213832,454.146322,393.223841,364.3954943,368.6055067,188.0968311,344.275138,284.3094645,317.1565414,433.5612145,80.79332675,247.80177,368.6083368,476.3943653,478.29688,149.3040713,284.7288583,71.54937409,180.3307166,426.4609771,254.9250592,204.6855115,466.2592043,403.982952,48.33185326,451.4341812,410.8843194,359.3087428,494.6233393,627.1721792,12.82375066,448.0249719,228.1573409,419.4123541,382.6113266,397.2065222,230.60456,448.2017807,279.4046334,182.6796886,78.19707777,507.5572614,63.03580596,187.4515122,478.9065041,54.47296887,178.3368255,284.1819317,141.4244277,178.2777953,162.0018456,449.1561535,305.4068222
Kallur,451.0519807,52.90213904,217.4131874,599.9419812,111.7997183,290.0058856,416.9332305,413.0009029,235.4358826,675.8899512,330.5593027,259.7082783,276.6799298,309.8358314,174.896124,141.4088168,32.26237458,374.6827148,202.2379062,60.14973158,621.1583887,355.1716776,280.7783227,71.1145349,293.6868737,209.2254413,204.7135767,366.5036133,179.5914474,444.6490444,497.6020817,0,298.967466,201.6192408,339.3403623,31.89272287,307.4902497,235.3037429,362.4749146,369.8884896,211.5171779,364.6918902,118.9254382,224.5884858,397.1458864,407.0316736,309.6561552,161.7437871,232.7238084,220.235452,79.25382087,428.463762,250.3407043,273.9591539,386.4509537,334.4203039,350.5507089,245.1790723,435.2144951,375.8902855,211.4872734,244.0122349,301.4629424,135.6869988,207.4294779,453.8202878,225.4917042,189.8546873,389.2347371,210.6528305,146.487191,494.6599474,218.2994401,269.4508585,207.8575715,292.2688589,321.0773802,713.6787326,298.6417382,255.5960264,314.9580953,419.6873727,90.20017284,434.9374718,313.9995128,289.2102096,542.1099666,319.2663341,215.5908096,631.2598601,657.2365084,337.8373982,82.15480507,322.0423246
Kamareddi,152.4524034,320.1248506,93.39897498,496.8406448,410.7247903,350.1962407,145.6101173,390.6733964,105.1872563,530.4007829,62.35636103,312.9731718,348.285834,572.9203019,429.9322993,439.1378681,326.42197,342.5906701,108.2870696,239.696668,518.6770745,350.4969089,490.3498342,364.5208825,315.0123312,507.9992009,103.2528007,79.60713054,467.6055711,164.3883049,439.1929025,298.967466,0,106.5609961,83.59102958,279.04399,224.7415927,382.7389161,67.93354144,256.6495489,92.5389201,379.405071,180.0710871,89.33334571,131.6317368,138.4204854,314.2541871,304.588679,206.743782,170.1197073,315.0842372,411.9419877,292.813672,463.2261668,88.98386658,47.94600683,315.641795,362.0901525,412.6392975,259.2147339,88.27849099,262.5825206,343.1755545,399.8839928,99.80626272,392.1926074,468.7385251,114.6450131,127.68676,476.8684224,432.4688044,429.365719,81.89237792,288.7001117,93.45703774,56.79693455,49.36971504,586.0523742,527.3261258,187.1858494,314.5035684,375.26337,381.1231787,394.9327742,336.4385852,533.8321493,457.5995663,314.0531489,293.0540331,527.6440485,533.9944781,342.7651526,218.9257161,134.4892593
Kapra,256.9950128,232.0231492,15.79965283,480.7178429,311.8483935,267.1065889,216.153562,337.0646068,45.60694131,534.2942155,156.89516,227.9841844,262.0863414,466.3695931,323.3857962,338.3065332,226.1491115,288.8746333,4.389671908,146.018684,502.9973082,287.4401706,386.6094963,270.8910249,239.6643543,408.0621671,3.336894997,165.4287374,363.1160611,243.2252195,402.1825705,201.6192408,106.5609961,0,138.4321668,177.8828351,177.8418218,283.7151489,163.2670484,230.1517234,15.27552473,312.1951343,87.96249258,23.1749962,196.7817306,206.4419201,244.3344433,201.3726486,128.5237645,89.75958156,209.1120865,357.6192373,208.2992815,361.2547956,195.1359937,151.1525621,260.397089,267.0494796,360.5397034,234.7955591,28.51788699,180.6433228,264.5787808,293.7420575,6.757665466,353.8580956,362.4261722,13.05768625,189.2564972,370.4125781,343.2421832,394.6160577,51.3505853,210.6622636,20.07762051,90.71648024,119.7736967,583.1138658,422.2745872,123.5394146,246.3546508,328.9333933,278.3892896,348.2279018,263.0291051,427.7706151,432.0818084,247.5257312,199.6527454,512.7244966,527.8282251,275.6982311,119.4847689,136.5844654
Karimnagar,150.6527116,370.2495159,122.7283423,417.8572332,448.2452726,316.3738775,77.72577226,330.8683771,106.771356,447.4058011,133.8632647,283.3560761,317.9471063,581.7408779,442.8990724,473.1508345,362.3156129,284.7803983,137.3594221,284.4506765,439.4012552,298.9221963,484.2538141,409.1425658,275.6691247,543.2618054,135.5437125,45.31343709,492.6275567,105.624457,368.8542012,339.3403623,83.59102958,138.4321668,0,313.9964805,171.6906729,368.7412391,59.67513583,187.9187408,131.1683019,329.7542533,225.9262134,115.2583342,58.5212053,68.03265431,270.1983117,302.9650728,181.824819,155.2215187,336.4219344,351.916824,264.1205624,452.9702806,110.9069324,111.5772445,260.2898788,342.409706,351.1897603,189.2509484,136.9270519,233.8559435,305.2022028,418.3667096,133.2279693,323.5891818,474.9705711,150.9456457,51.50972931,491.0896113,481.6685672,358.1670901,143.7037216,253.7891535,137.1331657,48.66551916,34.22385517,503.7763755,525.2096691,153.6281072,268.9577465,311.5273124,411.7431492,330.7804142,294.0511051,536.9620761,382.0989903,267.2184657,274.954448,448.1026893,452.4502416,294.6970974,257.2575938,68.23034632
